-0.0588480
-0.3042538
 1.0926094
 1.6786340
 1.6856057
 1.6884057
 1.6735821
 1.6523929
 1.6817086
 1.6758340
 1.6537641
 1.6456954
 1.6794567
 1.6635361
 1.6521186
 1.6755595
 1.6501412
 1.6428952
 1.6434439
 1.6582675
 1.6763824
 1.6780853
 1.7026234
 1.6685880
 1.6702334
 1.6652391
 1.6858800
 1.6635361
 1.6367464
 1.6557415
 1.6822567
 1.6786340
 1.6668847
 1.6493184
 1.6727594
 1.6560159
 1.6534900
 1.6616162
 1.6755595
 1.6573872
 1.6420724
 1.6576614
 1.6582675
 1.6858800
 1.6789082
 1.6755595
 1.6702334
 1.6685880
 1.6822567
 1.6702334
 1.6490440
 1.6671591
 1.6493184
 1.6763824
 1.6635361
 1.6434439
 1.6624390
 1.6470668
 1.6523929
 1.6817086
 1.6830797
 1.6750110
 1.6761081
 1.6789082
 1.6724853
 1.6666105
 1.6632618
 1.6719365
 1.6769312
 1.6342206
 1.6361978
 1.6822567
 1.6791824
 1.6786340
 1.6917547
 1.6674332
 1.6367464
 1.6339462
 1.6423468
 1.6596389
 1.6568389
 1.6465182
 1.6590905
 1.6789082
 1.6794567
 1.6573872
 1.6554672
 1.6925774
 1.6694107
 1.6694107
 1.6755595
 1.6794567
 1.6722107
 1.6688620
 1.6730337
 1.6526671
 1.6786340
 1.6448154
 1.6353749
 1.6537641
 1.6277974
 1.6521186
 1.6635361
 1.6490440
 1.6543128
 1.6451469
 1.6705077
 1.6434439
 1.6590905
 1.6663364
 1.6476154
 1.6459697
 1.6509642
 1.6437182
 1.6624390
 1.6791824
 1.6573872
 1.6459697
 1.6635361
 1.6311462
 1.6420724
 1.6858800
 1.6442668
 1.6655134
 1.6540384
 1.6426210
 1.6676843
 1.6625478
 1.6356041
 1.6582202
 1.6835645
 1.6710524
 1.6469874
 1.6093000
 1.6492450
 1.6631875
 1.6566209
 1.6564515
 1.6410603
 1.6676843
 1.6768286
 1.6564515
 1.6343244
 1.6777881
 1.6741004
 1.6639965
 1.6631875
 1.6606286
 1.6686439
 1.6646362
 1.6927087
 1.6564515
 1.6376924
 1.6646362
 1.6331957
 1.6434687
 1.6665556
 1.6207757
 1.6252589
 1.6200449
 1.6366132
 1.6602268
 1.6520669
 1.6332807
 1.6218327
 1.6226547
 1.6124396
 1.6166665
 1.6260597
 1.6290536
 1.6602268
 1.6524777
 1.6299078
 1.6171297
 1.6273980
 1.6609405
 1.6415453
 1.6205524
 1.6342434
 1.6417732
 1.6308207
 1.6244315
 1.6397197
 1.6303642
 1.6362969
 1.6392632
 1.6473115
 1.6568219
 1.6571157
 1.6407309
 1.6226032
 1.6237972
 1.6682880
 1.6527182
 1.6177544
 1.6128082
 1.6075942
 1.6476020
 1.6825659
 1.6519874
 1.6248934
 1.6464081
 1.6316669
 1.6464081
 1.6592240
 1.6444830
 1.6430213
 1.6252589
 1.6206836
 1.6383322
 1.6615881
 1.6426599
 1.6542124
 1.6540384
 1.6180255
 1.6406436
 1.6372949
 1.6236257
 1.6216485
 1.6353749
 1.6381177
 1.6515700
 1.6548614
 1.6205515
 1.6247230
 1.6314204
 1.6213741
 1.6185741
 1.6074309
 1.6562900
 1.6722107
 1.6512383
 1.6239002
 1.6177511
 1.6490440
 1.6484382
 1.6236257
 1.6118767
 1.6082537
 1.6077051
 1.6182999
 1.6585417
 1.6540384
 1.6177511
 1.6523929
 1.6484382
 1.6272488
 1.6624390
 1.6694107
 1.6624390
 1.6694107
 1.6406436
 1.6236257
 1.6378435
 1.6216485
 1.6515700
 1.6506899
 1.6213741
 1.6244487
 1.6342206
 1.6378435
 1.6372949
 1.6333975
 1.6716624
 1.6487125
 1.6289517
 1.6286204
 1.6389980
 1.6406436
 1.6177511
 1.6182999
 1.6146769
 1.6138539
 1.6381177
 1.6113281
 1.6277974
 1.6333975
 1.6244487
 1.6219229
 1.6228031
 1.6252715
 1.6105053
 1.6247230
 1.6010077
 1.6297749
 1.6244487
 1.6202771
 1.6210999
 1.6213741
 1.6239002
 1.6283459
 1.6015562
 1.6177511
 1.6146769
 1.6015562
 1.6146769
 1.6113281
 1.6082537
 1.5951332
 1.6172027
 1.6336719
 1.6367464
 1.6275232
 1.6554672
 1.6668847
 1.6378435
 1.6182999
 1.6110538
 1.6280717
 1.6110538
 1.6336719
 1.6252715
 1.6174769
 1.5987560
 1.6043565
 1.6459697
 1.6724853
 1.6819827
 1.6481640
 1.6141284
 1.6585417
 1.6453637
 1.6351007
 1.6515125
 1.6182999
 1.6046307
 1.6395466
 1.6688620
 1.6543128
 1.6023791
 1.5945847
 1.6180255
 1.6085280
 1.5920586
 1.6046307
 1.5979332
 1.6490440
 1.6601874
 1.6532156
 1.6375693
 1.6521186
 1.6599130
 1.6448154
 1.6180255
 1.6331232
 1.6498669
 1.6342206
 1.6283459
 1.6384494
 1.6679819
 1.6490440
 1.6627134
 1.6540384
 1.6344947
 1.6342206
 1.6113281
 1.6213741
 1.6381750
 1.6481640
 1.6244487
 1.6428952
 1.6406436
 1.6347690
 1.6182999
 1.6146769
 1.5984819
 1.6392722
 1.6417407
 1.6384494
 1.6576614
 1.6177511
 1.6297749
 1.6383922
 1.6110538
 1.6375693
 1.6249974
 1.6172027
 1.6493184
 1.6786340
 1.6478896
 1.6138539
 1.6239002
 1.6588160
 1.6517868
 1.6049050
 1.6230774
 1.6442668
 1.6264260
 1.6476154
 1.6339462
 1.6372949
 1.6445407
 1.6182999
 1.6325748
 1.6286204
 1.6077051
 1.6490440
 1.6545871
 1.6252715
 1.6420724
 1.6727594
 1.6389407
 1.5982074
 1.6021049
 1.6228031
 1.6325175
 1.6015562
 1.6230774
 1.6213741
 1.6049050
 1.6082537
 1.6484955
 1.6481640
 1.6121510
 1.6359236
 1.6420152
 1.6328491
 1.6755595
 1.6761081
 1.6607361
 1.6495927
 1.6381177
 1.6283459
 1.6213741
 1.6300489
 1.6280717
 1.6216485
 1.6323004
 1.6638105
 1.6090765
 1.6146769
 1.6526671
 1.6601874
 1.6308718
 1.6292261
 1.6548614
 1.6049050
 1.6359236
 1.6755595
 1.6478896
 1.6249974
 1.6015562
 1.6275232
 1.6213741
 1.6493184
 1.6355920
 1.6233515
 1.6353175
 1.6233515
 1.6316947
 1.6057279
 1.6102312
 1.6188484
 1.5951332
 1.5979332
 1.6180255
 1.6398207
 1.6562900
 1.6280717
 1.6247230
 1.6054535
 1.6010077
 1.6146769
 1.6367464
 1.6314204
 1.6116025
 1.6149511
 1.6118767
 1.6149511
 1.6146769
 1.6280717
 1.6049050
 1.6082537
 1.6018305
 1.6239002
 1.6372949
 1.6258202
 1.6046307
 1.6280717
 1.6367464
 1.6493184
 1.6478896
 1.6213741
 1.6110538
 1.6339462
 1.6372949
 1.6305974
 1.6462439
 1.6434439
 1.6342206
 1.6406436
 1.6252715
 1.5984819
 1.5979332
 1.6264260
 1.6286204
 1.6200027
 1.6353175
 1.6331232
 1.6224713
 1.5954074
 1.6166542
 1.6308718
 1.6316947
 1.6216485
 1.6107797
 1.6375693
 1.6465182
 1.6381177
 1.6182999
 1.6110538
 1.6367464
 1.6314204
 1.6208257
 1.6498669
 1.6411924
 1.6182999
 1.6233515
 1.6353175
 1.6071565
 1.6344947
 1.6216485
 1.6174769
 1.6372949
 1.6280717
 1.6152253
 1.6118767
 1.6333975
 1.6409180
 1.6378435
 1.6372949
 1.6336719
 1.6308718
 1.6244487
 1.6241745
 1.6221970
 1.6046307
 1.6146769
 1.6208257
 1.6177511
 1.6372949
 1.6311462
 1.6277974
 1.6277974
 1.6244487
 1.6213741
 1.6339462
 1.6157740
 1.5889843
 1.6071565
 1.6347690
 1.6200027
 1.6534900
 1.6205515
 1.6437182
 1.6409180
 1.6434439
 1.6314204
 1.6333975
 1.6185741
 1.6079792
 1.6288945
 1.6074309
 1.6093510
 1.5920586
 1.6169283
 1.6157740
 1.5982074
 1.6213741
 1.6557415
 1.6548614
 1.6300489
 1.6442668
 1.6493184
 1.6411924
 1.6367464
 1.6286204
 1.6110538
 1.6305974
 1.6554672
 1.6635361
 1.6344947
 1.6121510
 1.6107797
 1.6501412
 1.6375693
 1.6275232
 1.6239002
 1.6526671
 1.6347690
 1.6247230
 1.6110538
 1.6244487
 1.6305974
 1.6445407
 1.6280717
 1.6185741
 1.6174769
 1.6372949
 1.6182999
 1.5956817
 1.6074309
 1.6210999
 1.6113281
 1.6314204
 1.6305974
 1.6311462
 1.6216485
 1.6275232
 1.6185741
 1.6107797
 1.6305974
 1.6311462
 1.6434439
 1.6342206
 1.6308718
 1.6244487
 1.6154997
 1.5887099
 1.6046307
 1.6180255
 1.6144025
 1.6280717
 1.6336719
 1.6216485
 1.6434439
 1.6314204
 1.6213741
 1.6124252
 1.5856355
 1.6105053
 1.6160482
 1.5945847
 1.6060020
 1.5848125
 1.6146769
 1.6277974
 1.6188484
 1.6105053
 1.6372949
 1.6280717
 1.6121510
 1.6018305
 1.5923330
 1.5861840
 1.6163797
 1.6258202
 1.6236257
 1.6372949
 1.6372949
 1.6442668
 1.6239002
 1.6191227
 1.6023791
 1.6135797
 1.6280717
 1.6113281
 1.6210999
 1.6213741
 1.6247230
 1.6269745
 1.6160482
 1.5923330
 1.6043565
 1.6219229
 1.6057279
 1.6071565
 1.6347690
 1.6126995
 1.5915102
 1.6177511
 1.6152253
 1.6146769
 1.6185741
 1.6177511
 1.6247230
 1.6375693
 1.6152253
 1.5923330
 1.6077051
 1.6247230
 1.6182999
 1.6305974
 1.6442668
 1.6219229
 1.6182999
 1.6082537
 1.6244487
 1.6247230
 1.6093510
 1.5758637
 1.5979332
 1.6244487
 1.6311462
 1.6305974
 1.6126995
 1.5982074
 1.6057279
 1.5951332
 1.5993047
 1.5884356
 1.6082537
 1.6275232
 1.6283459
 1.6021049
 1.5920586
 1.5828355
 1.6010077
 1.6311462
 1.6249974
 1.6149511
 1.6012818
 1.6308718
 1.6344947
 1.6219229
 1.6174769
 1.6339462
 1.6249974
 1.6079792
 1.6090765
 1.5822869
 1.5943101
 1.6249974
 1.6046307
 1.6208257
 1.6372949
 1.6185741
 1.6141284
 1.6367464
 1.6283459
 1.6182999
 1.6079792
 1.6026534
 1.5892585
 1.6040820
 1.6277974
 1.5998532
 1.5912359
 1.6124252
 1.5859099
 1.6010077
 1.6149511
 1.6146769
 1.6182999
 1.6126995
 1.5892585
 1.5889843
 1.5979332
 1.6185741
 1.6172027
 1.6154997
 1.5920586
